32 1024 16 64 8 8 1 256 4 16
32 1024 32 512 32 4 2 512 4 32
128 64 64 8 128 64 1 32 8 4
128 64 64 64 32 8 1 32 4 4
128 128 4 32 128 4 32 128 4 16
128 1024 4 32 32 4 1 256 16 16
128 1024 8 16 8 8 1 1024 4 16
128 1024 16 16 128 16 2 16 4 4
256 64 256 64 32 16 1 32 8 4
256 256 128 8 256 4 8 128 8 16
256 256 128 256 128 8 8 64 8 8
256 512 64 512 128 4 8 128 32 4
256 512 128 8 256 8 1 16 4 4
256 1024 16 4 16 4 2 64 4 16
256 1024 32 1024 128 8 1 512 8 64
256 1024 256 16 32 16 2 512 8 16
512 128 32 128 512 4 128 128 8 8
512 128 128 64 16 4 2 128 32 4
512 128 256 16 64 8 2 32 4 8
512 256 8 128 64 4 2 128 8 16
512 256 16 64 64 16 2 32 4 8
512 256 64 16 128 8 8 256 16 8
512 512 32 32 512 32 2 128 16 8
512 512 64 32 64 32 1 64 4 8
512 512 512 64 64 16 2 256 64 4
512 512 512 128 32 16 1 128 4 4
512 1024 8 32 64 8 8 256 16 8
512 1024 32 8 512 8 32 32 4 4
512 1024 64 128 128 64 2 512 4 32
512 1024 128 4 128 16 4 64 4 8
512 1024 128 1024 256 64 4 1024 16 32
512 1024 512 1024 512 4 1 256 4 64
1024 128 16 128 8 4 2 128 4 16
1024 128 256 8 128 16 8 128 4 4
1024 128 1024 128 1024 512 2 128 4 16
1024 256 1024 128 16 4 2 64 16 4
1024 512 4 64 512 4 16 512 8 4
1024 512 16 128 16 4 4 512 8 64
1024 512 128 8 256 16 16 256 4 4
1024 512 256 512 1024 32 32 512 4 64
1024 512 512 256 1024 128 1 256 4 64
1024 512 512 512 128 8 8 256 4 4
1024 1024 8 4 1024 4 32 1024 4 128
1024 1024 16 16 256 8 1 256 8 8
1024 1024 16 1024 1024 16 32 128 4 16
1024 1024 32 4 512 32 16 1024 4 256
1024 1024 32 8 512 4 8 64 8 4
1024 1024 32 64 128 8 16 128 4 16
1024 1024 32 64 1024 8 4 64 8 8
1024 1024 32 128 64 16 1 32 4 8
1024 1024 128 4 64 16 2 1024 4 16
